[gd_scene load_steps=5 format=2]

[ext_resource path="res://Player.tscn" type="PackedScene" id=1]
[ext_resource path="res://principle.tscn" type="PackedScene" id=2]
[ext_resource path="res://assets/School.tscn" type="PackedScene" id=4]

[sub_resource type="NavigationMesh" id=1]

[node name="Root" type="Spatial"]

[node name="Player" parent="." instance=ExtResource( 1 )]
transform = Transform( -0.687468, 0, 0.726215, 0, 1, 0, -0.726215, 0, -0.687468, -2.81988, 1.12836, -2.95376 )

[node name="Principle" parent="." instance=ExtResource( 2 )]
transform = Transform( 0.0618672, 0, 0.998084, 0, 1, 0, -0.998084, 0, 0.0618672, 11.7122, -0.0540934, 7.57071 )

[node name="School" parent="." instance=ExtResource( 4 )]

[node name="Navigation" type="Navigation" parent="."]

[node name="NavigationMeshInstance" type="NavigationMeshInstance" parent="Navigation"]
transform = Transform( -0.0816428, 0, 0.996662, 0, 1, 0, -0.996662, 0, -0.0816428, 0, 0, 0 )
navmesh = SubResource( 1 )
